 20 2 10 12 60
[1 1 1 1 1 1 1 1 1 1 1 1]
[148.75 335.66 648.64 900.7 1165.38 1316.24 1461.7 1651.17 1483.21 1690.05 1805.41 1963.92]
[1955.24 4248.52 8808.92 17311.77 27663.97 36009.65 44568.84 64754.24 87504.34 100646.02 130830.07 150543.34]
 20 2 10 12 60
[1 1 1 1 1 1 1 1 1 1 1 1]
[148.75 335.66 648.64 900.7 1165.38 1316.24 1461.7 1651.17 1483.21 1690.05 1805.41 1963.92]
[1955.24 4248.52 8808.92 17311.77 27663.97 36009.65 44568.84 64754.24 87504.34 100646.02 130830.07 150543.34]
 20 2 10 12 60
[1 1 1 1 1 1 1 1 1 1 1 1]
[148.75 335.66 648.64 900.7 1165.38 1316.24 1461.7 1651.17 1483.21 1690.05 1805.41 1963.92]
[1955.24 4248.52 8808.92 17311.77 27663.97 36009.65 44568.84 64754.24 87504.34 100646.02 130830.07 150543.34]
 20 2 10 12 60
[1 1 1 1 1 1 1 1 1 1 1 1]
[148.75 335.66 648.64 900.7 1165.38 1316.24 1461.7 1651.17 1483.21 1690.05 1805.41 1963.92]
[1955.24 4248.52 8808.92 17311.77 27663.97 36009.65 44568.84 64754.24 87504.34 100646.02 130830.07 150543.34]
 20 2 10 12 60
[1 1 1 1 1 1 1 1 1 1 1 1]
[148.75 335.66 648.64 900.7 1165.38 1316.24 1461.7 1651.17 1483.21 1690.05 1805.41 1963.92]
[1955.24 4248.52 8808.92 17311.77 27663.97 36009.65 44568.84 64754.24 87504.34 100646.02 130830.07 150543.34]
