 30 6 10 30 100
[2 2 2 2 2 2 2 2 2 2 2 2 2 2 2 2 2 2 2 2 2 2 2 1 2 1 2 1 2 1]
[70.13 183.11 371.1 620.34 773.7 886.67 1049.89 1271.16 1500.66 1641.01 1721.52 1755.28 1780.15 1778.66 1918.36 2015.21 2145.1 2139.24 2230.74 2286.51 2179.69 2218.63 2345.1 2401.13 2425.26 2486.85 2488.72 2601.48 2540.57 2552.61]
[1957.84 5636.48 13595.92 25078.04 36495.09 49015.89 67280.86 86629.5 110915.18 136646.95 164981.79 189430.68 221549.79 249844.48 291591.02 318735.81 354352.15 402746.43 447601.75 487290.88 511808.24 552661.37 616891.99 654958.58 699702.66 749210.88 788550.32 863799.51 914582.17 1004471.94]
[2 2 2 2 2 2 2 2 2 2 2 2 2 2 2 2 2 2 2 2 2 2 2 1 2 1 2 1 2 1]
[70.13 183.11 371.1 620.34 773.7 886.67 1049.89 1271.16 1500.66 1641.01 1721.52 1755.28 1780.15 1778.66 1918.36 2015.21 2145.1 2139.24 2230.74 2286.51 2179.69 2218.63 2345.1 2401.13 2425.26 2486.85 2488.72 2601.48 2540.57 2552.61]
[1957.84 5636.48 13595.92 25078.04 36495.09 49015.89 67280.86 86629.5 110915.18 136646.95 164981.79 189430.68 221549.79 249844.48 291591.02 318735.81 354352.15 402746.43 447601.75 487290.88 511808.24 552661.37 616891.99 654958.58 699702.66 749210.88 788550.32 863799.51 914582.17 1004471.94]
[2 2 2 2 2 2 2 2 2 2 2 2 2 2 2 2 2 2 2 2 2 2 2 1 2 1 2 1 2 1]
[70.13 183.11 371.1 620.34 773.7 886.67 1049.89 1271.16 1500.66 1641.01 1721.52 1755.28 1780.15 1778.66 1918.36 2015.21 2145.1 2139.24 2230.74 2286.51 2179.69 2218.63 2345.1 2401.13 2425.26 2486.85 2488.72 2601.48 2540.57 2552.61]
[1957.84 5636.48 13595.92 25078.04 36495.09 49015.89 67280.86 86629.5 110915.18 136646.95 164981.79 189430.68 221549.79 249844.48 291591.02 318735.81 354352.15 402746.43 447601.75 487290.88 511808.24 552661.37 616891.99 654958.58 699702.66 749210.88 788550.32 863799.51 914582.17 1004471.94]
[2 2 2 2 2 2 2 2 2 2 2 2 2 2 2 2 2 2 2 2 2 2 2 1 2 1 2 1 2 1]
[70.13 183.11 371.1 620.34 773.7 886.67 1049.89 1271.16 1500.66 1641.01 1721.52 1755.28 1780.15 1778.66 1918.36 2015.21 2145.1 2139.24 2230.74 2286.51 2179.69 2218.63 2345.1 2401.13 2425.26 2486.85 2488.72 2601.48 2540.57 2552.61]
[1957.84 5636.48 13595.92 25078.04 36495.09 49015.89 67280.86 86629.5 110915.18 136646.95 164981.79 189430.68 221549.79 249844.48 291591.02 318735.81 354352.15 402746.43 447601.75 487290.88 511808.24 552661.37 616891.99 654958.58 699702.66 749210.88 788550.32 863799.51 914582.17 1004471.94]
[2 2 2 2 2 2 2 2 2 2 2 2 2 2 2 2 2 2 2 2 2 2 2 1 2 1 2 1 2 1]
[70.13 183.11 371.1 620.34 773.7 886.67 1049.89 1271.16 1500.66 1641.01 1721.52 1755.28 1780.15 1778.66 1918.36 2015.21 2145.1 2139.24 2230.74 2286.51 2179.69 2218.63 2345.1 2401.13 2425.26 2486.85 2488.72 2601.48 2540.57 2552.61]
[1957.84 5636.48 13595.92 25078.04 36495.09 49015.89 67280.86 86629.5 110915.18 136646.95 164981.79 189430.68 221549.79 249844.48 291591.02 318735.81 354352.15 402746.43 447601.75 487290.88 511808.24 552661.37 616891.99 654958.58 699702.66 749210.88 788550.32 863799.51 914582.17 1004471.94]
