 100 25 10 52 300
[2 2 2 2 2 2 2 2 2 2 2 2 2 2 2 2 2 2 2 2 2 2 2 2 2 2 2 2 2 2 2 2 2 2 2 2 2 1 1 1 1 1 1 1 1 1 1 1 1 1 1 1]
[17.96 63.1 117.79 159.99 211.84 269.02 337.81 389.38 444.17 489.96 542.06 593.02 635.83 671.57 725.51 772.47 820.44 889.98 925.29 992.31 1054.75 1074.06 1112.14 1168.47 1219.12 1251.97 1266.56 1295.13 1325.69 1335.16 1359.12 1354.69 1373.27 1405.7 1432.7 1464.16 1472.5 1448.63 1460.61 1503.45 1537.95 1536.35 1568.39 1564.79 1527.05 1563.63 1593.74 1584.32 1551.4 1582.6 1608.77 1612.51]
[2589.15 11352.9 25762.43 44370.52 66915.91 96017.13 136111.25 173605.58 232473.66 283089.68 339931.87 408092.35 477162.11 555111.73 641750.71 743919.59 837789.98 951142.99 1064359.15 1189646.93 1325244.5 1453838.86 1604189.99 1751769.66 1908187.24 2075734.85 2221630.79 2401451.65 2584039.93 2752758.86 2948046.11 3146366.74 3366123.21 3595953.09 3797886.36 4038242.67 4259799.54 4456181.82 4684865.68 4961831.41 5250900.39 5492191.7 5776736.19 6054526.49 6270453.42 6569019.04 6869850.15 7129848.77 7380800.28 7706245.54 8024618.82 8378237.77]
 100 25 10 52 300
[2 2 2 2 2 2 2 2 2 2 2 2 2 2 2 2 2 2 2 2 2 2 2 2 2 2 2 2 2 2 2 2 2 2 2 2 2 1 1 1 1 1 1 1 1 1 1 1 1 1 1 1]
[17.96 63.1 117.79 159.99 211.84 269.02 337.81 389.38 444.17 489.96 542.06 593.02 635.83 671.57 725.51 772.47 820.44 889.98 925.29 992.31 1054.75 1074.06 1112.14 1168.47 1219.12 1251.97 1266.56 1295.13 1325.69 1335.16 1359.12 1354.69 1373.27 1405.7 1432.7 1464.16 1472.5 1448.63 1460.61 1503.45 1537.95 1536.35 1568.39 1564.79 1527.05 1563.63 1593.74 1584.32 1551.4 1582.6 1608.77 1612.51]
[2589.15 11352.9 25762.43 44370.52 66915.91 96017.13 136111.25 173605.58 232473.66 283089.68 339931.87 408092.35 477162.11 555111.73 641750.71 743919.59 837789.98 951142.99 1064359.15 1189646.93 1325244.5 1453838.86 1604189.99 1751769.66 1908187.24 2075734.85 2221630.79 2401451.65 2584039.93 2752758.86 2948046.11 3146366.74 3366123.21 3595953.09 3797886.36 4038242.67 4259799.54 4456181.82 4684865.68 4961831.41 5250900.39 5492191.7 5776736.19 6054526.49 6270453.42 6569019.04 6869850.15 7129848.77 7380800.28 7706245.54 8024618.82 8378237.77]
 100 25 10 52 300
[2 2 2 2 2 2 2 2 2 2 2 2 2 2 2 2 2 2 2 2 2 2 2 2 2 2 2 2 2 2 2 2 2 2 2 2 2 1 1 1 1 1 1 1 1 1 1 1 1 1 1 1]
[17.96 63.1 117.79 159.99 211.84 269.02 337.81 389.38 444.17 489.96 542.06 593.02 635.83 671.57 725.51 772.47 820.44 889.98 925.29 992.31 1054.75 1074.06 1112.14 1168.47 1219.12 1251.97 1266.56 1295.13 1325.69 1335.16 1359.12 1354.69 1373.27 1405.7 1432.7 1464.16 1472.5 1448.63 1460.61 1503.45 1537.95 1536.35 1568.39 1564.79 1527.05 1563.63 1593.74 1584.32 1551.4 1582.6 1608.77 1612.51]
[2589.15 11352.9 25762.43 44370.52 66915.91 96017.13 136111.25 173605.58 232473.66 283089.68 339931.87 408092.35 477162.11 555111.73 641750.71 743919.59 837789.98 951142.99 1064359.15 1189646.93 1325244.5 1453838.86 1604189.99 1751769.66 1908187.24 2075734.85 2221630.79 2401451.65 2584039.93 2752758.86 2948046.11 3146366.74 3366123.21 3595953.09 3797886.36 4038242.67 4259799.54 4456181.82 4684865.68 4961831.41 5250900.39 5492191.7 5776736.19 6054526.49 6270453.42 6569019.04 6869850.15 7129848.77 7380800.28 7706245.54 8024618.82 8378237.77]
 100 25 10 52 300
[2 2 2 2 2 2 2 2 2 2 2 2 2 2 2 2 2 2 2 2 2 2 2 2 2 2 2 2 2 2 2 2 2 2 2 2 2 1 1 1 1 1 1 1 1 1 1 1 1 1 1 1]
[17.96 63.1 117.79 159.99 211.84 269.02 337.81 389.38 444.17 489.96 542.06 593.02 635.83 671.57 725.51 772.47 820.44 889.98 925.29 992.31 1054.75 1074.06 1112.14 1168.47 1219.12 1251.97 1266.56 1295.13 1325.69 1335.16 1359.12 1354.69 1373.27 1405.7 1432.7 1464.16 1472.5 1448.63 1460.61 1503.45 1537.95 1536.35 1568.39 1564.79 1527.05 1563.63 1593.74 1584.32 1551.4 1582.6 1608.77 1612.51]
[2589.15 11352.9 25762.43 44370.52 66915.91 96017.13 136111.25 173605.58 232473.66 283089.68 339931.87 408092.35 477162.11 555111.73 641750.71 743919.59 837789.98 951142.99 1064359.15 1189646.93 1325244.5 1453838.86 1604189.99 1751769.66 1908187.24 2075734.85 2221630.79 2401451.65 2584039.93 2752758.86 2948046.11 3146366.74 3366123.21 3595953.09 3797886.36 4038242.67 4259799.54 4456181.82 4684865.68 4961831.41 5250900.39 5492191.7 5776736.19 6054526.49 6270453.42 6569019.04 6869850.15 7129848.77 7380800.28 7706245.54 8024618.82 8378237.77]
 100 25 10 52 300
[2 2 2 2 2 2 2 2 2 2 2 2 2 2 2 2 2 2 2 2 2 2 2 2 2 2 2 2 2 2 2 2 2 2 2 2 2 1 1 1 1 1 1 1 1 1 1 1 1 1 1 1]
[17.96 63.1 117.79 159.99 211.84 269.02 337.81 389.38 444.17 489.96 542.06 593.02 635.83 671.57 725.51 772.47 820.44 889.98 925.29 992.31 1054.75 1074.06 1112.14 1168.47 1219.12 1251.97 1266.56 1295.13 1325.69 1335.16 1359.12 1354.69 1373.27 1405.7 1432.7 1464.16 1472.5 1448.63 1460.61 1503.45 1537.95 1536.35 1568.39 1564.79 1527.05 1563.63 1593.74 1584.32 1551.4 1582.6 1608.77 1612.51]
[2589.15 11352.9 25762.43 44370.52 66915.91 96017.13 136111.25 173605.58 232473.66 283089.68 339931.87 408092.35 477162.11 555111.73 641750.71 743919.59 837789.98 951142.99 1064359.15 1189646.93 1325244.5 1453838.86 1604189.99 1751769.66 1908187.24 2075734.85 2221630.79 2401451.65 2584039.93 2752758.86 2948046.11 3146366.74 3366123.21 3595953.09 3797886.36 4038242.67 4259799.54 4456181.82 4684865.68 4961831.41 5250900.39 5492191.7 5776736.19 6054526.49 6270453.42 6569019.04 6869850.15 7129848.77 7380800.28 7706245.54 8024618.82 8378237.77]
