 60 10 10 50 150
[2 2 2 2 2 2 1 2 2 2 2 1 1 1 1 1 1 1 1 1 1 1 1 1 1 1 1 1 1 1 1 1 1 1 1 1 1 1 1 1 1 1 1 1 1 1 1 1 1 1]
[67.8 217.6 362.44 568.71 806.52 1033.53 1259.86 1408.31 1598.81 1718.52 1846.36 2026.04 2195.95 2365.28 2588.57 2691.23 2951.65 3250.93 3442.45 3487.19 3475.06 3682.16 3820.7 3983.41 4147.7 4196.65 4348.38 4523.25 4537.91 4727.29 4785.52 5047.85 5253.09 5430.14 5424.28 5463.01 5588.08 5495.86 5773.57 5723.74 5640.25 5859.24 5865.97 6010.81 5960.35 6229.34 6175.86 6228.24 6180.46 6312.86]
[3783.22 12842.11 25366.54 47764.62 76060.73 112862.92 151046.63 188086.23 241084.12 290732.41 325591.87 393210.71 462498.85 538772.76 606694.15 686367.68 786655.6 880400.6 998718.53 1088915.82 1174148.85 1303737.51 1417120.75 1545525.17 1668968.49 1801197.5 1939138.14 2079568.01 2210732.38 2327926.34 2473571.12 2664308.32 2832667.24 3014774.39 3196999.61 3348693.19 3553195.76 3703804.93 3907489.9 4096506.92 4254662.38 4447087.03 4619976.34 4876659.52 5068044.01 5324628.96 5578120.88 5768300.42 6056052.56 6360312.76]
[2 2 2 2 2 2 1 2 2 2 2 1 1 1 1 1 1 1 1 1 1 1 1 1 1 1 1 1 1 1 1 1 1 1 1 1 1 1 1 1 1 1 1 1 1 1 1 1 1 1]
[67.8 217.6 362.44 568.71 806.52 1033.53 1259.86 1408.31 1598.81 1718.52 1846.36 2026.04 2195.95 2365.28 2588.57 2691.23 2951.65 3250.93 3442.45 3487.19 3475.06 3682.16 3820.7 3983.41 4147.7 4196.65 4348.38 4523.25 4537.91 4727.29 4785.52 5047.85 5253.09 5430.14 5424.28 5463.01 5588.08 5495.86 5773.57 5723.74 5640.25 5859.24 5865.97 6010.81 5960.35 6229.34 6175.86 6228.24 6180.46 6312.86]
[3783.22 12842.11 25366.54 47764.62 76060.73 112862.92 151046.63 188086.23 241084.12 290732.41 325591.87 393210.71 462498.85 538772.76 606694.15 686367.68 786655.6 880400.6 998718.53 1088915.82 1174148.85 1303737.51 1417120.75 1545525.17 1668968.49 1801197.5 1939138.14 2079568.01 2210732.38 2327926.34 2473571.12 2664308.32 2832667.24 3014774.39 3196999.61 3348693.19 3553195.76 3703804.93 3907489.9 4096506.92 4254662.38 4447087.03 4619976.34 4876659.52 5068044.01 5324628.96 5578120.88 5768300.42 6056052.56 6360312.76]
[2 2 2 2 2 2 1 2 2 2 2 1 1 1 1 1 1 1 1 1 1 1 1 1 1 1 1 1 1 1 1 1 1 1 1 1 1 1 1 1 1 1 1 1 1 1 1 1 1 1]
[67.8 217.6 362.44 568.71 806.52 1033.53 1259.86 1408.31 1598.81 1718.52 1846.36 2026.04 2195.95 2365.28 2588.57 2691.23 2951.65 3250.93 3442.45 3487.19 3475.06 3682.16 3820.7 3983.41 4147.7 4196.65 4348.38 4523.25 4537.91 4727.29 4785.52 5047.85 5253.09 5430.14 5424.28 5463.01 5588.08 5495.86 5773.57 5723.74 5640.25 5859.24 5865.97 6010.81 5960.35 6229.34 6175.86 6228.24 6180.46 6312.86]
[3783.22 12842.11 25366.54 47764.62 76060.73 112862.92 151046.63 188086.23 241084.12 290732.41 325591.87 393210.71 462498.85 538772.76 606694.15 686367.68 786655.6 880400.6 998718.53 1088915.82 1174148.85 1303737.51 1417120.75 1545525.17 1668968.49 1801197.5 1939138.14 2079568.01 2210732.38 2327926.34 2473571.12 2664308.32 2832667.24 3014774.39 3196999.61 3348693.19 3553195.76 3703804.93 3907489.9 4096506.92 4254662.38 4447087.03 4619976.34 4876659.52 5068044.01 5324628.96 5578120.88 5768300.42 6056052.56 6360312.76]
[2 2 2 2 2 2 1 2 2 2 2 1 1 1 1 1 1 1 1 1 1 1 1 1 1 1 1 1 1 1 1 1 1 1 1 1 1 1 1 1 1 1 1 1 1 1 1 1 1 1]
[67.8 217.6 362.44 568.71 806.52 1033.53 1259.86 1408.31 1598.81 1718.52 1846.36 2026.04 2195.95 2365.28 2588.57 2691.23 2951.65 3250.93 3442.45 3487.19 3475.06 3682.16 3820.7 3983.41 4147.7 4196.65 4348.38 4523.25 4537.91 4727.29 4785.52 5047.85 5253.09 5430.14 5424.28 5463.01 5588.08 5495.86 5773.57 5723.74 5640.25 5859.24 5865.97 6010.81 5960.35 6229.34 6175.86 6228.24 6180.46 6312.86]
[3783.22 12842.11 25366.54 47764.62 76060.73 112862.92 151046.63 188086.23 241084.12 290732.41 325591.87 393210.71 462498.85 538772.76 606694.15 686367.68 786655.6 880400.6 998718.53 1088915.82 1174148.85 1303737.51 1417120.75 1545525.17 1668968.49 1801197.5 1939138.14 2079568.01 2210732.38 2327926.34 2473571.12 2664308.32 2832667.24 3014774.39 3196999.61 3348693.19 3553195.76 3703804.93 3907489.9 4096506.92 4254662.38 4447087.03 4619976.34 4876659.52 5068044.01 5324628.96 5578120.88 5768300.42 6056052.56 6360312.76]
[2 2 2 2 2 2 1 2 2 2 2 1 1 1 1 1 1 1 1 1 1 1 1 1 1 1 1 1 1 1 1 1 1 1 1 1 1 1 1 1 1 1 1 1 1 1 1 1 1 1]
[67.8 217.6 362.44 568.71 806.52 1033.53 1259.86 1408.31 1598.81 1718.52 1846.36 2026.04 2195.95 2365.28 2588.57 2691.23 2951.65 3250.93 3442.45 3487.19 3475.06 3682.16 3820.7 3983.41 4147.7 4196.65 4348.38 4523.25 4537.91 4727.29 4785.52 5047.85 5253.09 5430.14 5424.28 5463.01 5588.08 5495.86 5773.57 5723.74 5640.25 5859.24 5865.97 6010.81 5960.35 6229.34 6175.86 6228.24 6180.46 6312.86]
[3783.22 12842.11 25366.54 47764.62 76060.73 112862.92 151046.63 188086.23 241084.12 290732.41 325591.87 393210.71 462498.85 538772.76 606694.15 686367.68 786655.6 880400.6 998718.53 1088915.82 1174148.85 1303737.51 1417120.75 1545525.17 1668968.49 1801197.5 1939138.14 2079568.01 2210732.38 2327926.34 2473571.12 2664308.32 2832667.24 3014774.39 3196999.61 3348693.19 3553195.76 3703804.93 3907489.9 4096506.92 4254662.38 4447087.03 4619976.34 4876659.52 5068044.01 5324628.96 5578120.88 5768300.42 6056052.56 6360312.76]
