 60 10 10 50 150
[4 5 5 5 5 5 5 5 5 5 5 5 5 5 5 5 5 5 5 5 5 5 5 5 5 5 5 5 5 5 5 5 5 5 5 5 5 5 5 5 5 5 5 5 5 5 5 5 5 5]
[57.41 100.49 123.28 177.51 212.37 254.99 281.74 295.2 317.13 333.89 326.12 349.11 373.72 405.55 432.76 438.41 462.75 487.42 492.76 499.62 503.75 512.79 508.02 548.08 552.79 542.46 529.1 545.07 530.58 525.18 521.8 562.04 556.51 558.53 555.88 552.67 531.65 516.02 528.6 527.81 529.03 538.16 545.62 560.1 564.57 590.31 609.81 619.06 630.67 653.24]
[986.54 1926.15 2276.22 3514.2 4785.14 5762.12 6391.27 6851.91 7578.78 8325.36 8359.5 9553.68 11778.62 13951.23 14465.08 15293.68 16380.76 18410.62 20176.57 21411.32 21742.96 23520.47 23644.83 25899.63 27785.05 30056.34 31501.1 32574.42 33371.96 32543.21 34058.79 35510.07 37245.68 38494.38 41115.78 42906.24 43137.28 44668.32 43868.76 44036.81 47083.12 46333.78 45962.66 48777.2 50409.28 53802.67 55254.84 55489.1 59505.7 59882.02]
[4 5 5 5 5 5 5 5 5 5 5 5 5 5 5 5 5 5 5 5 5 5 5 5 5 5 5 5 5 5 5 5 5 5 5 5 5 5 5 5 5 5 5 5 5 5 5 5 5 5]
[55.87 107.82 144.96 194.41 232.22 280.54 312.05 327.98 336.58 351.24 344.48 373.27 408.5 419.06 446.69 459.07 471.97 473.25 521.98 505.42 508.34 507.63 504.13 526.6 520.26 524.42 526.24 534.05 541.18 540.52 547.47 559.44 583.51 594.94 593.62 580.51 572.65 549.23 576.53 571.06 545.51 549.72 552.41 553.96 553.8 564.78 582.63 571.74 577.58 617.99]
[783.29 1660.43 2418.94 4096.43 4954.19 7164.21 8947.05 10784.59 12339.26 13506.45 13604.09 14730.95 16070.49 18151.11 18028.18 19229.18 22248.19 24585.46 27307.76 28074.64 27749.64 28534.12 28251.01 29465.3 30181.32 30807.62 32485.32 33320.1 33120.5 33645.72 34275.98 35782.66 38766.94 39805.62 43211.84 45159.12 45097.06 47011.8 47348.84 47333.87 49888.18 51532.71 50443.89 52395.5 53935.42 54157.48 53640.02 53551.72 55171.12 59476.74]
[4 5 5 5 5 5 5 5 5 5 5 5 5 5 5 5 5 5 5 5 5 5 5 5 5 5 5 5 5 5 5 5 5 4 5 5 5 5 5 5 5 5 5 5 5 5 5 5 5 5]
[59.86 102.39 140.23 175.02 226 255.42 289.11 313.2 319.96 351.6 351.37 375.08 397.87 419.07 430.67 438.57 444.74 465.72 471.01 466.3 474.65 514.33 515.7 544.75 541.92 552.25 551.61 551.58 548.87 542.77 536.7 555.63 581.65 613.98 614.75 608.32 614.5 593.85 604.74 604.03 594.21 567.79 569.71 596.24 565.54 580.39 582.04 587.2 609.12 642.37]
[1074.64 2062.89 3164.77 4267.53 5228.14 7306.13 8416.06 9045.16 11104.7 12559.96 13500.13 14072.66 15335.66 17709.2 18327.8 18501.19 20812.25 22345.52 26136.51 27576.34 28323.43 29683.64 29683.6 31166.83 32747.67 33106.14 34268.02 35836.96 35383.94 35634.02 36012.75 39368.1 40868.14 42484.37 43985.68 44309.54 46355.18 47089.34 48220.58 47727.53 48553.76 48022.48 48821.24 50707.9 50998 51468.09 50931.32 48923.06 51178.36 53545.79]
[4 5 5 5 5 5 5 5 5 5 5 5 5 5 5 5 4 5 5 5 5 5 5 5 5 5 5 5 5 5 5 5 5 5 5 5 5 5 5 5 5 5 5 5 5 5 5 5 5 5]
[55.42 99.95 144.94 202.92 239.87 279.76 318.8 336.33 370.8 385.88 390.63 420.64 453.98 462.32 484.64 483.34 499.34 512.02 530.67 518.56 527.34 546.31 531.28 557.51 564.3 561.04 582.59 588.55 589.79 577 585.55 587.26 604.01 628.52 618.8 614.43 609.07 583.21 592.73 607.05 591.98 606.35 603.8 611.62 594.89 610.49 632.53 597.58 586.72 598.36]
[785.54 1772.03 2569.72 3798.24 5183.73 6582.59 8404.39 9206.53 9462.62 10417.33 11367.04 13235.24 16541.39 18046.04 19189.58 20617.95 22613.05 24601.42 25235.7 26460.46 25623.97 27791.66 26560.92 27581.75 28480.73 29168.64 29674.62 30622.83 30993.62 30536.66 30533.08 32463.66 32321.71 32485.84 33507.65 34026.3 33238.25 32110.09 32538.36 36649.31 37271.67 35795.83 36809.86 39655.78 40854.88 41254.94 41809.76 41530.86 44826.09 44828.78]
[4 5 5 5 5 5 5 5 5 5 5 5 5 5 5 5 5 5 5 5 5 5 5 5 5 5 5 5 5 5 5 5 5 5 5 5 5 4 5 5 5 5 5 5 5 4 5 5 5 5]
[58.2 108.01 144.31 182.37 220.84 241.89 288.36 299.63 325.73 344.08 344.6 357.79 374.1 389.5 418.18 441.15 459.85 455.79 489.38 474.37 488.24 512.37 513.94 510.9 512.82 518.06 528.48 540.11 532.61 516.24 518.25 543.32 540.78 558.65 558.91 571.64 588.28 574.53 575.59 591.98 568.55 586.58 580.37 587.94 586.36 586.76 596.51 589.35 585.44 610.39]
[800.84 1965.13 2706.52 4337.26 5431.19 6132.67 7662.1 8027.28 10055.46 10687.87 11604.47 12713.83 15410.87 16829.66 17033.78 17947.92 20486.42 22194.3 25519.24 27307.78 26197.48 28340.33 29592.43 31551.46 34188 34489.84 36503.47 38845.6 39647.7 38554.81 41728.66 41062.75 40292.21 42997.75 43582.48 44636 44071.08 43216.01 43103.58 45070.49 47142.22 49248.04 48866.4 53356.5 54900.54 55059.59 55170.62 54818.32 54943.06 55728.82]
