 100 25 10 52 300
[6 9 10 11 10 10 10 11 11 11 11 11 10 11 11 11 11 11 11 11 11 11 11 11 11 10 11 11 11 11 11 11 11 11 11 11 12 12 11 11 12 11 11 11 11 11 11 11 11 11 11 11]
[15.63 31.35 47.94 59.61 67.94 74.59 88.02 93.16 105.33 109.96 115.56 123.84 127.26 129.5 133.2 140.65 146.05 155.04 158.31 159.67 163.88 164.5 168.38 171.22 175.71 176.67 172.18 171.95 173.07 175.7 174.33 172.81 173.4 172.54 174.36 176.26 173.97 168.11 167.4 173.68 174.31 172.64 174.41 173.33 169 172.19 175.4 175.4 171.51 174.98 175.49 174.8]
[453.42 1066.87 1762.73 2174.95 2710.23 3260.13 4065.92 4716.48 5523.31 5695.99 6223.91 7600.87 7855.24 7828.92 8027.43 8727.97 9149.3 8974.5 10178.82 9906.27 11151.22 11936.25 13120.17 13861.99 14155.71 14522.84 15098.56 15663.3 16600.25 17726.39 18410.01 18937.86 19847.29 21704.78 21771.39 22287.03 22507.27 22748.11 23162.64 23625.64 23490.01 24104.47 24338.33 24900.97 24213.7 24914.31 25502.94 26028.29 25608.64 25022.64 25822.46 26384.54]
 100 25 10 52 300
[6 9 10 11 10 11 11 11 11 11 11 11 11 10 11 11 11 11 11 11 11 11 11 11 11 11 11 11 11 10 11 11 12 12 11 11 11 11 11 11 11 11 11 11 11 11 11 11 11 11 10 10]
[15.6 31.44 46.54 57.54 66.14 74.73 87.81 93.39 104.5 109.42 113.13 120.19 126.13 130.24 132.22 137.86 137.27 144.88 147.89 153.74 157.08 162.46 165.2 168.17 170.8 172.25 169.11 169.81 173.37 171.45 172.82 173.66 175.04 176.56 177.47 179.04 181.36 175.29 176.54 177.99 185.72 182.27 183.74 183.27 178.72 181.47 181.89 180.43 177.53 179.37 178.82 181.87]
[430.38 964.88 1741.56 2088.69 2532.25 2934.15 3894.26 4243.96 4942.29 5536.82 6465.97 7918.27 8180.79 8741.52 9599.54 10266 10425.78 11402.18 12130.86 12878.44 13197.52 14511.12 15551.75 16361.92 17447.5 17736.14 18978.6 19916.61 20683.69 21298.38 22677.42 23134.97 23922 25324.19 25319.62 25924.33 25925.45 25859.26 26776.63 27570.73 27913.8 28403.1 28129.79 28517.36 28957.95 28509.17 29474.25 29744.78 30598.22 31311.25 32055.68 32378.34]
 100 25 10 52 300
[6 9 9 11 11 10 11 11 11 11 11 11 11 11 11 11 11 11 10 11 11 11 11 10 11 11 11 11 10 11 11 11 11 11 11 11 11 11 12 11 11 11 11 11 10 11 11 11 11 11 11 11]
[15.69 33.99 47.96 58.62 67.08 75.81 88.62 94.81 106.01 111.19 117.52 123.49 127.89 131.97 132.56 138.95 143 146.62 151.71 157.57 163.21 164.64 170.18 172.05 172.37 170.98 172 172.7 172.25 171.81 174.27 175.43 176.31 179.64 178.73 183.96 184.96 179.13 176.85 180.52 183.3 178.99 178.77 179.29 175.47 181.73 182.86 181.78 176.71 180.21 183.59 186.37]
[438.27 965.5 1412.6 2067.7 2674.48 3316.3 3821.12 4223.35 4716.28 5271.77 5845.37 6079.73 6777.82 7173.15 7794.69 8251.89 8863.15 9685.9 9678.9 10419.58 11935.16 12751.34 13431.37 14177.51 14745.36 15372.22 15900.89 16950.2 18020.32 18841.91 19984.44 20436.85 20953.97 20647.51 21701.83 22961.15 23619.97 24806.55 25477.54 26166.52 27086.37 27617.06 28992.88 28539.37 28955.04 30026.7 30634.38 30647.81 30541.96 31996.33 33559.88 34676.26]
 100 25 10 52 300
[6 10 9 10 10 12 11 11 10 11 11 11 11 11 11 11 11 11 11 11 12 12 10 11 11 11 11 10 11 11 11 11 11 11 11 12 11 11 11 11 10 11 11 11 11 10 11 11 11 11 11 11]
[15.4 34.06 48.41 61.12 70.68 77.03 89.43 95.31 109.02 113.01 116.16 119.99 123.46 128.92 134.33 138.89 139.35 145.02 148.74 153.77 158.81 159.19 163.54 166.36 169.2 169.74 169.29 170.69 173.97 171.87 173.79 171.69 173.45 176.77 175.64 181.98 181.16 177.48 176.87 182.51 183.9 181.98 185.31 184.58 182.26 182.63 183.5 179.87 178.03 179.47 179.12 180.1]
[519.25 1254.68 2056.38 2776.88 3368.88 4020.47 4705.67 5438.12 6390.65 7403.41 8034.15 8581.68 9074.14 9859.24 10173.41 11242.6 12309.22 12975.85 13763.05 15269.1 16700.12 17738.9 18246.97 18510.23 19794.56 20296.05 21195.96 21465.04 22559.36 22576.83 22331.1 22510.06 21994.14 22468.16 23542.98 24170.04 24486.54 25205.3 26186.9 26634.16 26949.04 26946.67 27274.74 27876.44 28475.25 29675.74 29748.71 29727.69 30458.75 31842.94 31887.37 32766.64]
 100 25 10 52 300
[6 9 9 11 11 11 11 11 11 11 11 11 11 11 11 11 11 11 11 11 11 11 11 11 11 11 11 11 11 11 11 11 11 11 11 11 11 11 11 10 11 11 11 11 11 11 11 11 11 10 11 10]
[15.61 32.58 46.7 56.04 65.1 72.43 85.19 91.4 102.15 107.49 113.1 117.75 122.2 126.69 131.37 139.15 143.68 147.22 150.91 159.91 167.93 166.48 169.73 171.8 175.01 175.67 174.79 175.46 173.72 170.87 173.64 172.48 173.85 176.75 178.85 181.65 181.6 176.1 176.64 178.31 181.04 180.28 182.15 182.48 176.23 181.81 181.99 177.91 175.49 176.28 178 178.56]
[432.9 992.88 1562.45 2178.63 2543.15 3046.12 3715.75 4216.42 5156.29 5774.03 6413.69 7573.94 7847.57 7893.83 9048.02 9511.53 9838.78 9664.67 10361.47 12017.69 13085.89 13613.39 14397.05 14464.31 15304.97 16114.59 16369.09 17453.25 17490.92 18363.44 18678.04 18790.09 19086.27 19851.34 19749.79 20977.16 22025.81 22312.87 22783.02 23978.99 24637.12 24545.18 25658.54 26776.9 27422.88 28150.39 29284.24 29711.58 29184.43 28612.59 30020.53 29545.1]
 100 25 10 52 300
[6 9 10 10 10 10 11 11 11 11 11 11 11 11 11 11 11 11 11 11 11 11 11 11 11 11 11 11 11 11 11 11 11 11 11 11 11 11 11 11 11 11 11 12 12 12 12 11 11 11 11 11]
[15.46 32.01 45.92 56 64.26 72.73 85.45 91.15 103.07 107.11 113.83 116.88 118.3 122.83 130.84 138.47 142.56 150.93 153.54 161.43 166.33 168.29 170.62 175.34 176.29 176.09 172.95 174.52 172.34 170.24 171.43 172.65 173.46 175.92 174.59 176.91 178.29 173.36 176.39 181.56 186.48 184.8 183.21 181.65 177.01 179.62 179.91 178.52 178.64 180.63 183.37 187.63]
[492.7 967.85 1455.24 2000.78 2408.03 2902.57 3549.97 3923.23 4519.27 5129.17 5575.19 6228.74 6528.67 6746.42 7913.39 8222.37 9284.09 9689.72 11021.65 11824.99 12283.56 12437.72 13389.07 14262.74 14684.54 15671.4 17030.99 17818.17 18959.89 19912.17 21133.33 22168.05 22662.91 23152.24 23608.32 25052.35 25662.58 26304.6 26418.21 27556.04 28254.84 28358.12 29565.06 29629.93 30054.32 30773.04 31391.87 30853.65 30791.48 31850.67 32186.73 33088.94]
 100 25 10 52 300
[6 9 9 10 11 11 10 11 11 11 11 11 11 11 11 11 11 11 11 11 11 10 11 11 11 11 12 11 11 11 11 11 11 11 11 10 11 11 11 11 11 11 11 11 11 11 11 11 11 11 12 11]
[15.48 31.27 44.72 54.22 62.26 70.03 82.41 90.58 102.79 109.43 113.19 118.42 123.49 126.19 127.97 136.91 140.01 144.93 148.1 154.61 159.7 159.59 161.16 165.78 167.95 172.97 169.7 172.6 172.55 170.87 174.5 173.42 175.41 176.8 177.77 179.9 179.53 175.72 174.48 175.6 182.85 179.27 181.96 179.3 173.66 178.24 177.52 175.98 171.84 175.96 176.74 179.65]
[484.94 1132.56 1663.97 2337.14 3080.26 3741.81 4528.41 5170.99 6083.71 6440.65 7590.1 8147.62 8698.11 8932.55 9607.68 9989.76 11121.12 12219.73 12556.78 13257.58 13618.36 13651.23 14799.91 15723.94 16765.87 17206.01 18165.83 19098.21 19449.11 19783.92 19970.85 20648.85 21608.78 22310.78 23731.14 24592.49 24836.84 24862.91 25509.89 27470.24 28185.04 28878.52 30011.19 30965.04 31004.46 32184.5 31419.56 31709.6 31607.54 32386.16 33959.82 34820.93]
