 20 2 10 12 60
[2 2 2 2 2 2 2 2 2 2 2 2]
[159.75 235.08 272.8 419.37 407.85 451.74 520.69 943.06 975.81 998.04 1077.2 1025.01]
[1112.84 1771.27 1365.22 3046.67 5332.77 6129.44 7231.44 13019.94 14153.64 14676.22 18019.77 17697.94]
 20 2 10 12 60
[2 2 2 2 2 2 2 2 2 1 2 2]
[168.08 236.35 341.75 455.22 522.78 673.34 867.57 1025.02 998.77 903.52 1049.78 1209.46]
[1417.94 2359.87 3142.02 5138.77 7564.57 7572.54 7857.04 14268.94 16090.55 14089.12 18855.37 20775.44]
 20 2 10 12 60
[2 2 2 2 2 2 2 2 2 2 2 2]
[184.33 304.54 353.35 435.02 634.92 619.87 674.01 694.64 917.92 865.95 883.48 960.37]
[884.84 1345.22 1551.62 3046.42 5677.97 6164.84 5833.64 10765.44 13645.34 14779.27 20816.37 22170.24]
 20 2 10 12 60
[2 2 1 2 2 2 2 2 2 2 2 2]
[110.92 240.06 313.5 425.77 496.3 432.99 474.88 540.19 758.2 810.95 1016.15 1012.12]
[1316.34 1868.57 3055.47 4875.17 7344.12 6000.44 6462.45 10541.84 12257.44 12505.02 16263.77 17488.24]
 20 2 10 12 60
[2 2 1 2 2 2 2 2 2 2 2 2]
[168.68 419.18 520.99 592.37 517.25 424.6 489.36 663.88 868.36 1016.04 1061.9 966.72]
[944.64 1809.52 2616.52 5559.67 8169.77 7942.84 7644.34 9851.24 12307.84 12255.52 15075.97 16713.94]
