 30 6 10 30 100
[3 3 3 3 3 3 3 3 3 3 3 3 3 3 3 3 3 3 3 3 3 3 3 3 3 3 3 3 3 3]
[65.34 99.07 167.84 197.9 268.79 292.73 358.32 355.02 411 449.05 463.42 529.1 516.91 548.85 544.84 519.6 544.24 581.56 588.53 614.36 588.51 621.21 661.85 622.28 617.45 609.54 598.2 651.78 628.74 601.71]
[764.02 1303.09 2831.68 3140.88 4165.53 5051.69 7220.41 8239.78 10739.83 12645.22 13524.39 13230.61 14938.83 17115.78 19263.98 20059.44 21033.34 24838.63 27817.04 28631.86 27943.52 27965.8 33712.54 32476.49 32934.83 33099.28 32705.5 34960.93 34542.03 40934.69]
[3 3 3 3 3 3 3 3 3 3 3 3 3 3 3 3 3 3 3 3 3 3 3 3 3 3 3 3 3 3]
[78.56 105.43 141.58 196.8 210.2 244.67 294 350.19 356.97 398.82 425.92 434.54 450.92 484.88 542.6 574.84 595.37 594.55 629.15 638.97 578.87 588.71 608.3 636.58 660.19 663.57 671.93 650.59 689.83 653.01]
[788.38 1418.33 2271.2 4212.16 5341.86 5656.88 6349.11 8293.45 9560.26 10811.94 13063.16 13599.81 16883.53 19280.53 22762.24 24976.19 25081.55 30285.08 31229.74 32631.01 32060.07 32379.92 38827.09 40254.36 40832.29 41033.43 40153.95 41693.46 40519.34 43274.75]
[3 3 3 3 3 3 3 3 3 3 3 3 3 3 3 3 3 3 3 3 3 3 3 3 3 3 3 3 3 3]
[69.97 107.75 160.79 197.15 213.9 260.97 339.37 375.86 384.43 418.29 465.61 484.32 490.43 468.08 542.28 546.43 539.47 549.92 580.83 565.98 581.87 560.26 584.73 576.27 574.06 583.25 564.17 636.45 672.56 683.85]
[737.52 1317.44 2682.58 4012.99 4448.48 5631.53 7127.29 9441.08 11271.56 13100.22 15302.83 17030.39 18187.73 20538.14 22307.59 23542.09 23665.42 26274.44 27270.42 29039.03 29691.64 29565.88 33844.39 33316.78 33844.44 36596.63 37655.7 39833.68 39725.45 42320.92]
[3 3 3 3 3 3 3 3 3 3 3 3 3 3 3 3 3 3 3 3 3 3 2 3 3 3 3 3 3 3]
[67.09 101.54 138.13 221.93 234.24 262.59 306.15 307.37 335.89 400.13 407.87 426.51 466.98 445.67 474.41 486.32 564.78 574.78 581.71 585.26 591.88 593.69 620.65 608.17 571.79 587.45 628.86 648.38 613.71 610.57]
[711.89 1093.83 1938.02 4049.48 5381.09 5868.68 7658.99 7981.25 10218.16 11630.78 13403.64 15308.58 15996.21 17753.28 19758.65 20442.26 20890.87 23369.54 25202.48 26391.74 26856.9 26549.55 32434.78 33296.08 34329.44 36429.26 37077.5 38697.68 38936.8 44705.32]
[3 3 3 3 3 3 3 3 3 3 3 3 3 3 3 3 3 3 3 3 3 3 3 3 3 3 3 3 3 3]
[61.51 128.71 159.85 179.31 217.39 273.39 331.54 392.08 446.44 504.09 516.84 544.65 577.99 555.14 570.89 555.28 591.52 608.35 621.77 631.44 591.41 628.94 619.16 666.55 640.6 624.25 639.91 641.28 638.16 633.97]
[831.05 2126.78 4026.74 4639.26 5465.46 5939.99 7221.24 8547.78 10896.66 12678.34 12676.19 14504.29 16142.43 17836.48 20341.32 21529.96 21349.7 23886.58 26393.62 28862.13 29129.32 29758.38 34249.99 33230.68 34028.86 36025.21 35276.42 34507.39 33285.72 37326.04]
