 60 10 10 50 150
[3 3 4 4 4 4 4 4 4 3 4 4 4 4 4 4 4 4 4 4 4 4 4 4 4 4 4 4 4 4 4 4 4 4 4 4 4 3 4 4 4 4 4 4 4 4 4 4 4 4]
[55.98 97.01 128.2 180.41 221.1 261.2 295.13 307.16 345.5 384.27 360.43 371.5 376.72 395.18 404.31 421.6 465.23 478.67 518.28 516.02 530.84 547.47 534.64 550.1 549.45 574.12 581.08 582.49 577.29 564.22 573.01 606.67 608.81 603.89 594.22 591.07 585.84 559.87 547.96 563.76 535.15 542.51 522.44 537.6 548.85 550.56 556.85 568.94 560.58 589.47]
[1114.59 1832.96 2693.11 4519.23 6008.51 7158.39 9227.77 10312.39 12178.9 11854.95 12020.48 14443.93 16295.55 18733.14 18055.54 18717.33 21152.01 23070.5 25857.71 27732.46 26832.31 28267.55 31705.63 34587.86 36339.06 37909.7 39740.12 40395.9 41490.8 41766.69 41392.83 44557.96 46029.5 47407.42 48934.62 51179.5 51695.68 53678.61 53437.88 55601.1 56745.38 54636.94 54788.4 58142.56 59322.82 61949.85 63512.99 61766.42 64903.38 68667.48]
[3 4 3 4 4 4 3 3 3 3 4 4 4 4 4 4 4 4 4 4 4 4 4 4 4 4 4 4 4 4 4 4 4 4 4 4 4 4 5 4 4 4 4 4 4 4 4 4 4 4]
[59.82 99.69 142.44 178.06 209.98 255.98 297.32 327.13 367.35 378.26 361.08 379.93 410.17 422.21 421.57 424.29 450 454.77 464.64 482.14 477.11 488.62 479.98 514.04 527.85 532.67 522.77 530.07 528.52 525.11 533.5 544.06 547.82 539.46 528.59 514.32 529.14 527.81 539.23 549.66 550.58 558.15 549.55 557.01 535.06 521.86 522.2 507.46 525.84 555.43]
[935.56 1784.68 2378.82 3232.04 4575.24 5775.67 6934.54 7352.49 8729.37 10471.56 10967.41 12417.16 13324.28 15059.26 14846.86 15640.7 17543.61 20703.71 23214.19 23843.64 24172.11 26021.2 25459.12 28604.35 30024.65 31995.38 31857.66 32332.81 33278.24 32792.74 35234.29 37912 40976.52 42979.08 45369.12 46854 47451.03 48468.8 50557.82 51942.13 51655.76 52418.11 51271.93 50862.92 51593.56 50845.21 52965.52 50826.76 50710.92 48863.84]
[3 3 4 4 4 4 4 4 4 4 4 4 3 3 3 4 4 4 4 4 4 4 4 3 4 3 3 4 3 3 3 3 3 3 3 3 3 3 3 3 3 4 4 4 4 4 4 4 4 4]
[56.31 99.56 122.87 177.09 228.83 256.29 297.65 304.78 333.23 353.43 351.94 371.67 405.34 408.91 425.84 439.93 460.86 466.59 477.46 463.83 466.78 485.82 485.15 501.14 502.72 500.51 494.89 510.5 522.14 530.24 526.52 527.3 564.01 557.97 560.17 539.88 557.66 538.5 566.93 548.35 527.11 517.14 517.83 528.56 513.86 546.99 525.42 530.07 537.74 549.5]
[744.94 1711.49 2549.57 3269.46 5024.99 6507.24 8690.12 9723.99 11536.68 13076.08 13463.61 14218.2 14879.53 16226.42 16293.29 17703.31 19570.77 21414.02 23834.54 25403.5 24988.73 25877.62 26855.3 27763.56 30059 30824 30536.16 32223.97 32093.4 31470.79 31645.75 33334.5 33213.92 34006.24 35897.13 37469.82 39119.06 39515.87 42883.42 45354.23 47258.86 48537.61 47845.44 51419.78 51269.74 51650.56 55328.5 54908.63 56392.91 54433.32]
[2 3 4 4 4 4 3 3 4 4 4 4 4 4 5 5 5 5 5 4 5 4 4 4 4 4 4 5 4 4 4 4 4 4 4 4 5 5 5 4 4 4 4 4 4 4 4 3 3 3]
[57.21 111.14 150.12 204.71 238.26 265.42 304.41 320.64 345.11 347.15 350.98 371.75 371.58 383.92 400.41 415.12 430.69 448.77 459.93 470.93 454.45 478.2 478.77 484.48 489.59 503.25 519.15 512.35 521.04 507.39 511.57 530.87 524.46 528.62 530.86 512.38 511.88 508.9 509.88 505.53 486.71 478.35 486.39 497.26 485.72 496.4 520.25 529.87 541.87 576.7]
[774.26 1532.09 2434.3 4247.57 5687.57 6890.83 8236.35 9046.59 11207.87 12275.98 12569.58 13666.4 16032.37 17683.08 17513.87 18164.59 19764.64 20982.11 22654.42 25176.48 25526.91 26589.73 28182.34 30454.95 31362.21 32002.56 31150.4 32132.18 33561.56 33082.35 34377 34935.43 38215.43 39008.09 40594.84 41078.26 43356.86 44604.7 45380.06 47518 48044.02 49614.61 48392.54 52196.38 50905.78 51595.49 53905.88 53000.18 53391.16 54744.01]
[3 3 4 4 4 3 3 3 3 3 4 4 4 4 3 3 3 3 4 4 4 4 4 4 5 4 4 4 4 4 5 4 4 5 5 4 5 5 4 4 5 4 4 4 4 4 4 4 4 4]
[59.81 109.85 146.77 191.77 231.42 275.13 290.59 308.34 335.6 342.8 334.99 365.7 370.18 370.74 383.73 403.03 415.67 428.41 435.69 441.48 456.53 481.73 483.13 502.07 498.21 503.85 505.4 515.02 500.06 512.31 491.97 494.68 512.07 536.43 527.12 525.99 519.38 503.29 520.71 531.39 522.19 534.76 531.64 569.58 561.02 572.34 586.89 576.87 608.5 663.21]
[952.48 1724.72 2081.98 2966.57 3898.77 4977.79 5834.38 6794.51 9418.34 10871.94 11163 12483.93 14312.8 14528.92 14260.02 15014.3 17193.06 20168.75 24194.78 26467.32 27269.2 28311.95 28374.94 28815.33 28598.02 28812.19 28911.06 30446.8 30378.64 29586.46 31552.78 31340.34 32311.68 35169 38964.34 41445.36 42837.16 42973.97 41959.62 43807.58 44528.82 43974.68 42470.55 45139.01 43516.92 45851.31 46688.78 47131.62 48809.1 50199.84]
