 20 2 10 12 60
[1 1 1 1 1 1 1 1 1 1 2 1]
[212.73 351.37 498.91 444.52 513.15 655.48 703 912.55 1055.49 1229.17 1188.11 1022.28]
[1488.84 2044.52 3448.37 3698.37 6774.27 7110.64 8548.35 15811.14 15003.84 17100.62 21829.97 24678.24]
 20 2 10 12 60
[1 1 1 1 1 1 1 1 1 1 1 1]
[121.93 240.35 374.78 409.32 523.7 582.77 580.21 728.01 1201.9 1365.44 1387.48 1322.33]
[1182.34 2049.42 3667.97 5060.37 8479.07 8779.74 8414.85 14823.14 17726.55 16184.67 21178.12 20685.74]
 20 2 10 12 60
[1 1 1 1 1 1 1 1 1 1 1 1]
[174.3 300.77 422.81 424.46 460.31 609.47 688.54 674.77 761.7 856.03 1067.8 1355.19]
[1472.44 2521.07 4098.57 7442.47 8172.72 9044.85 9903.35 13304.84 16350.84 17648.52 19884.02 22023.34]
 20 2 10 12 60
[1 1 1 1 1 1 1 1 1 1 1 1]
[149.28 251.84 279.08 327.61 304.71 400.79 490.75 647.63 856.35 832.55 1225.4 1221.95]
[1283.44 1544.12 1942.77 4590.87 6750.12 5652.54 6536.94 9484.25 13498.14 13571.22 17860.32 20059.05]
 20 2 10 12 60
[1 1 1 1 1 1 2 1 1 1 1 1]
[178.33 357.32 658.86 865.7 926.16 923.13 808.98 770.5 1081.74 898.52 1013.31 1023.85]
[1180.44 1356.52 2642.07 4288.02 7795.77 9103.54 9316.35 11841.64 12646.94 12732.52 18822.02 20266.94]
