 100 25 10 52 300
[4 7 7 8 9 9 9 9 8 9 9 8 8 8 9 9 9 9 9 8 8 8 9 9 9 10 9 9 9 9 9 9 9 9 8 9 9 9 9 9 8 8 8 7 7 7 7 8 9 9 9 9]
[15.97 33.9 48.64 60.74 70.11 79.18 89.6 94.57 105.57 110.31 117.71 121.55 124 131.43 135.1 143.5 146.35 149.58 152.11 158.55 161.08 164.96 165.95 170.25 173.6 174.41 173.71 174.72 175.8 173.01 176.1 175.97 177.76 181.29 181.32 185.2 184.82 180.58 182.06 185.79 192.1 188.19 189.97 189.1 182.44 184.19 187.58 185.49 181.12 181.89 182.23 182.41]
[514.02 1150.87 1807.86 2015.61 2448.01 3118 3693.26 4213.43 5293.47 5833.88 6653.44 7410.55 7718.83 8585.66 9140.48 9420.23 10435.98 11134.63 12421.36 13423.48 14686.48 15491.39 16544.61 18321.81 18790 19112.29 20160.73 20929.36 22640.09 24120.24 25200.79 26454.37 26680.89 27999.16 28569.15 30503.99 31411.68 31452.61 31594.13 33443.83 33874.24 34620.53 36890.38 37056.86 37399.56 36277.88 36968.3 37622.23 37447.36 36681.79 37447.74 38244.29]
 100 25 10 52 300
[4 6 8 7 8 8 8 8 8 9 9 9 10 9 9 9 9 9 8 8 9 9 8 9 8 8 8 9 8 8 9 9 9 9 8 8 9 8 8 9 9 8 9 8 8 9 9 9 8 9 9 9]
[15.65 33.27 47.93 57.12 67.55 77.7 89.04 95.35 107.82 112.66 116.39 121.34 124.89 129.73 134.37 140.87 144.19 148.47 151.06 156.26 160.26 158.77 163.25 168.09 172.31 172.18 169.93 172.04 174.05 173.18 176.81 176.06 177.82 180.67 180.76 182.45 182.82 178.7 179.98 181.86 189.3 187.76 188.79 186.8 181.16 181.53 181.59 179.7 177.44 182.61 185.99 187.41]
[504.72 1271.57 1852.92 2238.6 2669.74 3282.94 3887.08 4393.04 5441.41 6010.27 6610.26 7468.63 7675.68 7948.24 8360.07 8867.31 9223.03 9842.19 10279.39 11760.79 12176.14 12391.48 13384.29 14141.62 14820.62 15111.5 15785.6 16865.48 17279.92 18111.28 19735.47 20987.76 20938.58 22727.14 22903.64 23417.46 24444.6 24557.82 25291.39 25677.62 27660.46 27854.7 27561.61 28718.8 29537.4 29383.92 30560.65 31409.27 31234.49 31766.99 32896.7 34457.14]
 100 25 10 52 300
[5 7 8 9 9 10 9 9 8 9 8 8 9 9 9 9 9 8 8 8 8 8 8 8 9 9 9 9 9 9 9 9 9 9 9 9 9 9 9 9 9 9 8 9 10 9 9 10 10 9 9 9]
[16.54 33.78 51.26 59.88 67.54 76.18 86.24 94.94 104.53 108.98 111.57 116.94 121.54 128.46 132.92 139.33 144.33 148.88 152.21 158.67 165.71 165.2 165.98 170.25 170.01 170 170.26 170.98 171.22 169.4 170.72 173.08 176.89 178.54 178.4 182.14 183.81 180.33 181.67 182.89 187.31 186.22 186.62 187.48 182.92 184.39 185.64 183.45 181.46 181.86 180.49 182.73]
[412.77 1183.22 1806.88 2416.97 2968.22 3409.41 4383.94 4910.79 6050.61 6484.04 7151.53 7820.11 8124.01 8730.63 9164.21 10134.27 10502.85 11035.79 11581.18 12029.1 12915.43 13239.18 14028.91 13960.23 15178.52 15909.64 16871.01 17290.74 18030.08 18602.45 19677.38 20646.57 20785.1 20491.12 20852.7 21531.65 22413.91 22766.91 23418.67 23892.94 24369.12 25177.58 25879.3 26170.61 26571.76 26480.64 27466.04 28468.44 27985.41 28033.41 29017.13 29040.63]
 100 25 10 52 300
[5 7 8 8 9 9 9 8 9 9 8 8 9 9 9 9 8 9 9 8 8 8 8 9 9 9 9 9 9 9 9 9 9 9 9 9 9 9 9 8 9 9 10 10 9 10 9 9 9 9 9 9]
[15.22 30.67 45.1 55.78 66.01 72.02 85.74 92.64 103.24 110.17 115 117.72 121.98 125.62 128.25 136.76 140.64 148.83 151.5 160.01 164.19 166.07 169.97 173.07 177.3 181.17 179.43 178.72 177.6 174.4 177.52 179.01 180.71 184.23 183.51 188.16 190.25 184.51 184.56 188.54 190.55 187.14 187.38 188.47 181.91 182.48 183.69 179.75 176.68 178.41 180.15 182.2]
[487.62 1043.83 1518.9 1920.96 2476.02 2733.83 3394.16 3827.03 4593.75 5247.57 6244.59 6595.02 7332.19 8278.49 8543.21 8966.35 9222 10017.1 10363.23 11400.08 12144.57 12958.56 13503.43 13635.24 14192.96 15262.66 15498.28 16314.52 17064.29 18163.43 18889.85 19477.7 20331.86 20896.28 21936.11 23112.47 23061.78 23683.79 24499.12 25073.04 25616.71 25664.85 26735.36 27663.61 28278.97 29075.13 29864.26 30967.53 30021.65 29672.79 31389.65 31957.21]
 100 25 10 52 300
[4 7 8 8 7 8 7 8 7 7 8 8 9 9 9 10 10 10 10 10 9 9 9 9 10 9 9 9 9 9 10 9 9 9 9 9 9 8 8 8 8 9 9 9 9 9 8 8 8 9 9 9]
[16.33 35.64 51.04 62.52 70.71 78.29 89.28 94.98 107.92 113.34 118.86 127.61 128.85 134.12 138.26 143.53 144.82 145.01 148.99 152.43 159.98 158.34 159.86 164.93 166.17 167.01 164.72 169.17 170.81 169.14 171.48 173.8 175.27 179.81 177.4 180.62 179.43 175.14 175.86 180.63 184.94 183.73 181.98 179.34 175.45 177.58 178.89 176.89 172.15 173.75 173.6 177.89]
[612.94 1299.31 1959.99 2566.09 3201.42 3637.29 4304.8 5011.16 5718.96 5944.91 6818.88 7754.08 8615.52 9437.1 10505.35 11077.53 11614.98 12213.44 13238.23 12620.03 13366.08 14583.64 15806.23 16429.3 16512.64 17597.66 18806.88 20045.28 20964.35 21778.8 21779.21 22370.92 23407.43 23659.96 23488.56 25232.88 25967.23 25999.37 27835.3 28708.83 30025.14 30966.78 31484.71 32210.47 32492.24 33250.36 33270.1 33791.39 33654.53 34008.85 34353.82 35077.68]
 100 25 10 52 300
[5 7 7 8 9 9 8 9 9 9 9 10 9 9 9 9 10 9 9 9 9 10 10 10 10 9 8 9 8 9 9 9 9 9 9 8 9 9 9 9 8 8 8 8 8 8 7 8 7 8 8 8]
[15.52 32.46 45.92 56.79 67.12 75.85 87.25 93.53 107.01 109.47 116.39 123.23 126.39 133.44 136.89 139.84 144.41 148.53 152.47 157.54 166.17 168.33 170.59 174.35 177.42 177.44 172.79 173.75 174.42 174.63 174.66 174.93 175.45 180.56 179.77 181.7 181.07 175.99 174.64 178.22 184.6 184.95 184.41 184.88 177.89 183 186.35 182.58 179.13 181.79 182.61 185.84]
[479.57 1030.59 1552.92 2082.89 2506.05 2876.97 3326.23 4065.46 5252.97 6028 6583.7 7257.84 7199.63 8029.1 8401.05 9181.31 9765.06 9878.77 10469.59 11005.49 11455.99 11887.72 12413.46 13126.74 13441.92 14780.85 14737.46 16382.81 17135.76 17072.64 17542.61 18037.6 19137.9 19611.57 20160.23 21542.4 21772.34 22743.54 23882.81 24715.68 26232.84 26866.98 27188.38 27288.79 28303.94 28921.95 30725.99 31192.41 32297.76 32754.43 34036.5 35980]
 100 25 10 52 300
[4 7 8 8 7 7 8 9 8 9 9 9 9 8 7 8 8 8 8 8 8 9 8 8 8 7 8 8 8 9 8 7 7 8 8 8 8 8 7 7 8 8 8 9 9 8 8 8 8 8 8 8]
[16.04 32.99 48.3 57.85 65.68 73.97 86.78 93.32 106.46 110.8 114.3 118.65 123.45 129 134.3 138.78 142.29 148.26 148.69 153.5 159.27 161.21 165.08 167.03 168.43 170.77 169 171.32 169.7 171.53 171.79 176.18 176.98 184.02 180.5 182.02 180.59 176.45 177.82 182 184.64 184.08 188.09 185.15 177.98 180.39 181.3 178.2 173.61 174.42 176.14 178.12]
[434.65 995.37 1651.86 2001.97 2284.31 2739.89 3312.29 3702.36 4750.72 5281.65 5944.42 6650.41 6825.42 7728.91 8780.82 9599.81 10004.01 10648.15 11114.29 12636.23 14002.63 14949.06 15325.09 17229 18135.25 19012.51 19453.21 19859.27 21429.96 22651.83 22772.95 23710.88 24195.82 25361.98 25264.6 26661.99 27152.57 28105.65 28992.07 29737.9 31723.94 32264.23 32495.74 33294.14 33794.96 34266.45 34141.98 35101.77 35415.34 36005.81 37391.32 38395.33]
 100 25 10 52 300
[4 7 8 8 8 9 9 9 10 9 9 9 9 9 9 9 9 8 9 9 9 9 9 9 10 10 10 9 9 9 8 8 8 8 9 9 9 8 8 9 7 8 7 8 8 8 8 7 8 9 9 9]
[15.62 31.16 46.06 55.66 65.74 73.05 84.26 92.79 102.68 108.76 114.77 121.81 125.97 130.71 133.49 141.19 142.37 147.66 150.04 155.95 160.23 162.61 165.05 167.82 169.31 170.62 169.15 173.39 173.71 171.74 175.35 176.66 177.94 180.77 178.57 181.66 183.09 178 179.02 181 186.12 184.76 188.32 188.11 179.97 180.93 183.33 181.24 176.31 181.22 183.64 186.84]
[414.94 852.14 1535.21 2243.02 2826.59 3169.12 3861.75 4396.51 5546.54 6031.25 7037.28 8110.2 9410.69 9526.31 10087.41 10611.26 10988.21 11547.92 12175.25 13335.25 14290.08 14998.9 14816.67 15268.37 14867.97 16595.05 17490.62 17641.96 18520.93 18802.57 19430.22 20421.53 20815.26 21266.61 21511.97 22252.78 23210.26 23635.65 24415.5 25715.89 26551.69 27969.25 28793.32 29834.77 30410.53 30433.92 31102.35 32375.13 33234.06 34369.68 34345.54 35337.21]
 100 25 10 52 300
[4 7 8 8 7 8 9 8 9 9 9 9 10 10 10 9 10 9 9 9 9 10 9 9 9 9 9 9 9 8 7 8 9 9 9 9 8 8 9 9 9 9 8 8 8 8 8 8 8 8 9 9]
[15.7 33.01 48.11 58.18 69.66 76.05 89.27 92.82 105.35 109.01 114.78 119.31 123.12 128 134.02 138.7 140 147.89 150.62 157.57 162.27 162.58 164.61 169.16 172.22 174.6 173.33 173.32 176.6 176.23 180.01 180.08 182.05 181.29 179.37 180.02 179.77 176.86 173.47 176.43 178.4 178.03 182.17 183.2 176.92 181.36 184.05 179.98 174.64 180.41 180.55 182.12]
[479.44 1003.86 1647.35 2009.03 2631.96 3018.69 3804.33 4060.37 5208 5480.84 6208.67 6942.19 7364.34 7646.41 8823.13 9100.09 10044.26 10729.23 11466.69 12487.69 13725 13756.72 14561.29 15386.21 16102.26 16813.76 17565.86 18673.08 19562.99 19921.05 20840.79 21684.58 21307.14 22117.92 22112.8 22664.65 23140.84 24630.14 24015.15 26006.68 26403.27 27013.17 28357.76 29028.84 29336.66 30740.57 31332.9 31299.98 31233.43 32364.14 32603.26 33450.78]
 100 25 10 52 300
[4 6 7 8 7 8 8 8 8 9 9 10 10 10 10 9 10 8 9 9 9 9 9 9 8 9 9 9 9 9 9 10 9 9 8 9 9 9 9 9 9 8 9 9 9 9 9 10 9 9 9 8]
[15.24 31.78 46.17 57.97 65.98 74.02 90.11 97.25 109.27 111.74 117.14 123.69 127.69 130.43 133.6 140.6 140.42 148.06 151.66 157.36 161.02 159.39 163.62 166.48 169.23 173.99 169.19 169.81 168.85 170.64 173.51 170.15 174.04 179 179.7 182.81 182 178.27 176.44 178.93 179.44 177.95 178.53 179.99 174.67 175.07 177.27 178.71 173.15 178.32 180.48 185.61]
[447.81 900.93 1522.2 2121.13 2578.74 3029.22 3748.49 4693.89 5095.43 5144.45 6080.62 6786.75 7340.53 7554.87 8219.5 8702.49 8844.58 9194.09 9805.94 10311.74 10921.14 11375.74 11807.44 12338.43 13059.38 14264.34 14858.6 15295.39 16236.2 16963.69 17677.81 18494.74 18765.98 19270.57 20286.61 21293.13 22771.43 23301.08 23882.16 24443.53 25113.24 26287.31 26519.46 27005.99 27600.59 28064.56 28807.38 29776.57 30449.32 31867.08 32667.75 32589.15]
 100 25 10 52 300
[5 6 7 9 8 8 9 9 9 9 9 9 9 9 9 9 9 9 9 9 9 9 9 10 9 9 9 9 9 9 9 9 9 10 10 10 10 10 10 10 10 10 10 10 10 9 8 8 8 8 10 9]
[15.81 31.96 48.03 58.82 68 74.64 86.73 91.43 103.78 108.57 112.93 119.3 122.46 126.98 130.78 135.63 135.14 140.46 143.95 148.57 157.16 158.19 161.47 164.75 167.49 169.06 165.93 169.56 170.09 168.51 172.16 173.19 177.67 176.85 179.58 180.9 183.33 177.71 176.58 180.22 180.66 179.94 180.63 180.62 173.94 175.93 176.11 174.7 171.07 176.05 177.06 179.87]
[401.73 900.6 1844.36 2227.31 2623.34 3150.18 3580.58 3959.53 4919.52 5649.06 6401.31 7188.07 7117.34 7426.01 7958.8 8273.05 9073.83 10067.45 10687.31 11165.19 12062.03 12996.97 13882.6 14012.53 14177.1 14844.36 15309.13 15605.26 16485.7 16608.85 16957.68 17556.81 18512.46 18675.41 19822.77 21193.65 21386.31 21649.27 21633.13 23210.46 25116.48 26122.82 26988.41 28132.26 28073.35 27595.85 27565.93 28312.82 28822.58 29521.67 29764.21 30076.64]
 100 25 10 52 300
[3 7 7 8 8 8 9 8 9 8 8 7 7 7 8 7 7 9 9 9 9 9 8 9 9 9 9 9 9 9 9 8 8 7 8 8 8 7 8 8 8 8 8 8 8 8 9 9 9 9 9 9]
[16.01 33.68 47.86 57.95 68.51 77.23 87.13 93.83 105.77 110.63 115.99 120.89 125.02 129.61 131.99 140.07 140.74 145.81 147.83 155.92 159.72 164.32 168.31 169.74 172.66 173.38 171.58 173.64 175.64 172.85 176.74 179.99 181.57 186.38 185.33 185.78 185.32 181.94 180.72 183.15 188.77 186.54 190.22 186.29 179.25 180.46 182.45 178.71 174.33 181.16 184.51 190.01]
[405.21 930.86 1740.66 2045.81 2601.02 3273.25 4312.87 4610.17 5501.07 5928.64 6249.55 7275.02 7670.14 8178.48 8688.87 9628.23 9442.51 10363.8 11107.22 11433.92 12032.21 12445.13 12871.48 13314.67 13615.94 14200.07 15347.33 15419.05 17159.02 17908.98 18136.51 19110.59 19789.05 20850.12 20878.29 22402.19 22177.95 23033.39 23861.07 24216.26 25594.12 26285.82 27279.77 28177.92 28202.18 28771.91 29761.55 30712.29 31188.33 32730.77 33906.96 35206.09]
 100 25 10 52 300
[4 7 8 7 9 9 9 8 9 9 9 8 9 9 9 9 8 8 8 8 8 8 9 8 8 9 9 9 9 8 8 9 9 9 9 10 9 10 9 8 9 9 9 8 8 9 9 9 9 9 9 9]
[15.73 32.4 47.94 58.59 65.96 72.96 84.27 92.68 103.76 108.65 115.08 120.55 123.87 129.08 132.84 136.76 141.45 147.32 148.6 157.33 162.97 163.75 165.81 169.75 172.84 175.9 173.67 174.92 174.69 173.23 172.74 169.8 170.89 176.83 174.56 181.93 183.9 180.98 180.63 184.9 187.61 185.84 187.53 185.93 178.43 181.43 183.16 178.15 174.99 178.1 180.68 181.88]
[451.05 1024.69 1769.03 2494.51 2860.88 3535.09 4407.54 4830.51 5355.14 5843 6816.71 6983.21 7466.88 7756.02 8388.35 8693.86 9646.58 9998.91 10957.19 11842.6 11821.5 12409.86 13238.5 13684.54 14686.14 15044.72 16400.7 17408.64 18237.68 19266.19 20156.34 19773.97 20900.18 21944.89 23470.93 24111.68 24363.32 25472.91 25979.83 27142.08 26972.94 28400.37 29554.5 30483.51 31320.87 32818.16 34259.24 35630.36 35900.96 35817.11 35364.98 37020.39]
 100 25 10 52 300
[3 7 6 8 8 8 8 8 9 8 8 9 8 8 8 8 8 8 9 9 8 8 8 8 9 8 9 8 8 8 8 8 8 9 9 9 8 8 9 9 9 9 9 8 9 8 8 8 8 9 9 8]
[15.7 32.09 48.77 59.66 69.68 77.78 89.82 95.1 105.34 110.78 116.66 119.35 123.02 128.01 135.27 140.28 143.76 149.92 150.95 156.3 161.76 163.29 165.89 169.57 170.61 170.4 167.57 170.36 171.81 167.42 170.29 173.16 175.53 178.47 178.19 182.6 181.19 175.27 173.72 182.08 186.22 181.94 181.5 181.12 173.48 176 177.45 176.04 174.45 181.03 181.19 183.91]
[444.03 945.16 1629.48 2049.45 2594.03 3165.41 4336.07 4377.51 5216.19 5401.89 5780.52 6867.89 7323.15 7657.63 9062.31 9348.31 9825.33 11410.36 12130.83 12823.88 14189.93 14999.28 16104.59 17559.65 17975.2 18918.78 19485.21 21474.64 22063.54 23059.98 23465.68 24826.65 25594.17 26390.77 26654.13 27697.58 28188.2 28970.8 29615.66 29778.12 30368.62 31086.13 32703.46 32495.46 33300.38 33976.74 33326.84 34367.89 34779.69 34437.99 35239.59 36618.73]
 100 25 10 52 300
[4 6 8 8 10 9 9 10 9 10 10 9 8 8 9 8 9 9 9 9 10 9 9 9 10 10 10 9 9 9 10 9 9 9 9 9 9 9 9 9 9 9 8 9 8 9 9 8 9 9 9 10]
[15.8 33.56 49.45 60.06 69.01 79.08 87.77 91.83 102.87 109.03 114.28 118.48 122.41 127.68 130.68 138.77 142.79 147.01 149.71 152.42 158.88 157.88 162.42 166.28 169.53 173.02 173.94 177.18 177.89 178.87 178.76 179.45 182.66 186.93 182.5 189.14 188.54 182.45 182.58 181.93 186.09 183.83 187.14 184.82 178.85 180.36 180.39 176.57 172.12 175.52 178.28 181.21]
[575.14 1112.48 1546.62 2065.61 2593.51 3221.03 4365.31 4921.05 5932.73 6320.63 6808.66 7601.75 7978.93 8965.22 9960.72 10391.93 11550.61 11970.17 12527.82 13328.01 14598.38 15553.63 16034.29 16034.35 15899.94 16328.03 16734.71 17174.99 17912.26 18647.48 18557.3 19245.51 19785.02 20092.22 20047.55 20529.27 20502.47 21644.24 22398.97 24459.56 25406.41 25769.47 27105.98 28457.55 29262.14 31458.02 31527.23 32750.28 33212.18 33311.26 34330.43 35588.19]
 100 25 10 52 300
[4 6 9 9 8 8 8 8 9 8 8 9 9 8 9 7 8 8 8 9 9 9 9 9 9 10 9 9 8 9 8 8 9 9 9 9 9 9 10 9 10 9 10 10 10 10 9 10 9 8 8 9]
[16.09 34.98 49.56 59.77 68.12 74.75 86.66 93.44 103.24 108.77 113.7 119.48 122.16 128.44 130.88 140.33 142.19 151.55 154.64 154.67 162.98 162.62 163.71 166.84 169.03 171.99 171.2 172.02 173.56 173.01 172.16 173.74 174.41 177.59 174.49 176.87 176.4 170.09 174.65 177.36 181.46 179.86 180.25 181.24 176.06 178.39 182.15 176.26 171.8 176.65 177.18 180.61]
[487.94 1167.31 1782.64 2195.67 2787.08 3305.22 3687.37 4585.77 5178.56 5537.31 6058.32 6586.15 7047.26 7733.75 8154.42 8752.96 9005.25 9925.5 10106.93 10749.62 11511.52 12124.24 13111.32 13824.51 14253.82 14475.89 14767.94 15797.71 16724.82 16625.62 17552.85 18422.49 19049.35 18897.58 18978.11 19281.78 19888.39 20957.15 21753.98 23023.34 22990.85 23719.47 24681.68 24812.75 25380.3 26637.65 27487.51 27554.87 26727.99 26460.87 27427.42 27696.44]
 100 25 10 52 300
[3 6 7 8 8 8 9 9 9 9 9 9 9 9 9 8 8 8 9 8 8 8 9 9 8 8 9 8 8 9 9 9 8 8 8 8 8 8 8 8 9 9 9 8 8 9 8 8 8 9 9 7]
[15.65 31.96 45.02 54.6 63.96 72.45 82.25 87.13 97.69 103.71 109.09 114.55 121.66 127.13 130.21 136.27 138.28 145.98 149.95 155.37 161.32 159.98 164.41 167.26 174.23 174.85 172.52 175.66 176.52 173.74 169.76 171.77 175.03 178.51 176.82 178.01 175.31 174.17 174.67 182.29 185.5 184.05 185.34 185.27 177.84 178.84 180.43 181.69 178.07 179.67 180.16 184.13]
[463.49 1039.83 1506.51 2079.29 2599.79 2833.23 3379.35 4118.79 4979.03 5648.75 6123.37 6766.51 7169.98 7872.63 8795.8 9844.81 9829.15 10426.3 10997 11420.96 12123.88 12530.93 13068.42 14030.93 14545.42 15546.13 16725.77 16808.2 17876.3 18995.69 19466.47 19916.69 20825.34 21571.92 21665.09 23008.69 23956.56 24055.41 25081.26 25830.46 26858.5 28043.96 29350.28 30289.52 30531.67 31426.6 31535.04 32180.31 31641.33 31896.23 31858.66 32283.16]
 100 25 10 52 300
[4 7 8 8 8 8 8 9 9 9 9 9 10 9 9 8 9 9 10 9 9 8 8 8 9 9 9 8 9 9 9 9 9 8 8 9 9 9 8 8 8 8 8 8 8 8 8 8 9 9 9 9]
[15.67 32.3 47.07 60.2 70.19 78.09 90.82 95.31 105.46 110.82 115.12 120.66 124.41 128.44 130.36 135.56 138.19 146.92 149.29 153.32 156.51 157.53 164.09 167.77 171.32 176.22 172.94 174.68 176.46 174.3 175.98 173.54 175.64 180.02 177.68 179.59 177.78 175.65 177.48 179.98 182.58 183.43 186.66 184.83 177.76 182.28 183.94 179.68 174.2 178.13 180.04 183.56]
[447.71 1087.47 1691.88 2139.99 2553.39 3162.29 4016.36 4460.57 5211.68 5592.52 5919.26 6469.63 7260.52 7607.33 7523.66 7978.11 8951.03 9462.09 10302.33 10801.71 11785.92 12081.96 13073.4 14291.75 14627.71 15443.08 16001.21 17177.14 17942.85 19391.2 19951.89 20835.27 22127.28 21948.26 22765.26 23994.89 25257.49 26093.7 27056.5 28110.84 28825.98 29876.15 31705.23 32671.27 32838.85 32870.66 33698.46 34233.33 34243.54 34813.01 35818.1 37034.54]
 100 25 10 52 300
[4 6 7 8 9 8 9 9 9 9 8 8 9 9 8 8 8 8 9 9 9 9 9 9 8 8 8 9 8 8 8 9 9 8 9 7 8 9 8 8 9 9 9 9 9 9 9 9 9 9 9 8]
[15.72 31.78 45.73 56.29 66.82 76.05 87.68 93.01 103.78 109.51 114.21 120.95 124.02 130.12 132.46 137.46 142.39 148.67 152.09 156.92 160.82 161.92 165.34 171.17 173.52 171.65 169.71 173.72 175.98 172.53 173.35 170.46 173.28 175.47 175.13 181.15 180.39 176.29 177.31 182.4 187.41 187.24 188.96 188.12 181.34 183.7 187.56 184.65 180.13 181.24 182.68 183.56]
[464.71 1001.15 1510.18 1993.47 2600.48 3129.34 3859.07 4330.91 5365.77 6079.67 7006.1 7552.04 7951.61 8510.88 9460.56 10110.59 10430.23 11117.22 11583.58 11918.83 11871.78 12490.01 13567.61 13844.39 13590 14692 15927.35 16910.52 17520.65 18230.65 19088.91 20085.81 20252.74 20810.25 21487.9 22343.62 23449.12 25195.39 26483.93 26920.14 26814.68 28007.79 29852.44 31548.97 32565.81 34299.2 35880.67 37075.37 37939.48 37781.97 39905.23 40750.54]
 100 25 10 52 300
[5 7 7 7 8 9 8 9 8 9 9 9 9 9 9 9 9 8 8 9 9 9 9 9 9 9 9 9 8 9 8 9 9 9 9 10 9 10 9 9 10 9 10 10 10 9 9 9 8 8 9 9]
[16.1 32.84 47.02 57.27 69.32 77.52 87.1 95.11 106.07 110.81 113.52 119.47 121.39 125.87 128.46 135.65 140.12 144.64 150.43 155.99 161.47 162.44 164.39 168.13 171.38 175.22 171.22 175.18 174.85 172.52 174.52 174.18 176.35 178.38 174.62 175.93 175.53 170.13 172.5 175.02 180.15 180.04 186.83 187.48 181.94 182.96 184.73 179.07 175.76 180.05 181.5 186.09]
[446.57 970.67 1562.18 2047.87 2722.15 3538.65 4222.39 4736.45 5886.27 6338.78 7313.39 7856.34 8245.4 8736.74 9344.14 10074.51 11271.74 11831.66 12863.45 13303.37 14545.76 14933.52 16262.51 17039.54 17849.7 19228.96 19825.65 20645.63 21248.8 22393.79 22999.18 23518.13 24213.17 24203.28 25301.31 25997.49 26126.52 26486.05 28029.99 28561.06 29893.89 30724.57 31094.55 31544.55 31357.81 32170.39 31905.19 32669.5 32840.26 32070.67 33028.44 33385.7]
 100 25 10 52 300
[5 7 8 8 8 9 8 9 8 8 9 9 9 9 10 9 9 10 8 8 9 9 10 10 10 10 10 10 9 9 9 8 8 8 8 9 9 8 8 8 8 9 9 8 8 8 8 9 9 8 9 9]
[15.9 32.46 46.06 57.12 65.62 73.55 87.34 94.25 103.57 106.86 112.75 115.87 119.59 122.74 128.27 135.5 138.25 141.5 147.9 150.88 156.47 157.2 161.5 163.49 168.66 168.85 165.2 167.1 168.83 166.91 169.18 171.76 172.49 179.04 178.21 177.87 175.46 173.27 173.12 178.25 181.03 181.31 182.78 183.55 176.73 176.97 179.6 175.43 172.45 176.85 178.87 182.64]
[571.55 1076.68 1756.79 2433.61 3074.69 3446.24 4351.13 4932.84 5532.65 5663.55 6082.16 6604.45 6715.54 7327.18 8229.71 8514.55 8572.23 8905.2 8888.15 9358.27 10530.52 11088.63 12308.69 13822 14150.3 14733.96 15070.64 16083.53 16839.03 16898.33 17750.42 18021.2 18247.99 18805.58 19461.48 20781.91 20575.09 22023.18 22329.62 22380.2 22082.92 22160.88 22719.06 23327.98 25174.74 25562.74 25527.86 25815.01 27033.19 27326.23 27638.33 28407.44]
