 30 6 10 30 100
[1 2 2 2 2 3 2 2 2 2 3 2 3 2 3 3 2 2 3 3 3 3 3 3 3 3 3 3 3 2]
[69.89 124.6 211.96 277.81 305.26 297.35 361.26 373.65 397.53 424.29 438.71 422.25 434.95 437.27 479.39 489.08 521.35 522.11 525.32 526.33 488.23 519.58 538.44 546.86 535.1 543.21 556.11 551.82 545.87 543.65]
[794.97 1579.98 2965.28 5110.96 5484.73 6491.91 7778.18 8081.95 9884.56 10429.75 11702.89 12080.91 14708.51 16880.21 19013.24 20245.59 19636.35 22895.09 25220.12 26402.96 25483.59 24929.1 29912.11 29588.64 30790.64 31481.29 31190.6 32962.03 33426.32 38468.97]
[2 3 3 3 2 2 3 2 2 2 2 3 2 2 2 2 3 3 3 3 3 3 3 3 3 3 3 3 3 3]
[64.52 121.47 175.47 268.4 266.1 311.05 361.14 415.83 434.95 465.93 514.28 526.46 513.51 487.26 471.74 460.33 458.86 450.84 500.91 499.13 494.24 512.29 520.17 505.95 509.93 529.31 506.4 555.94 549.7 581.38]
[895.37 1756.88 2759.68 4284.41 5322.24 5864.23 7913.74 9235.82 11866.59 13690.67 17160.38 18114.81 20809.04 23464.56 24479.67 24928.76 24034.35 25959.98 29655.75 30392.56 29862.35 29102.23 33385.26 33281.44 34684.33 35019.18 35438.62 36228.08 37374.25 40447.95]
[1 2 2 2 3 3 3 3 3 3 3 3 2 2 3 3 2 2 3 3 3 2 3 3 3 2 2 2 2 2]
[69.33 113.42 135.44 168.82 208.82 253.01 297.16 343.95 357.56 387.81 383.12 394.36 428.11 399.77 431.26 447.47 476.56 496.63 511.29 521.78 517.3 530.37 490.22 536.31 512.29 507.53 505.15 538.67 534.27 577.43]
[760.02 1539.31 3075.64 4330.01 6305.01 7348.18 8547.86 10834.75 13078.14 14219.22 14516.21 16122.73 17525.03 19075.76 22384.47 22717.89 23006.35 26494.73 29776.92 31037.91 31068.52 29409.04 33625.98 33077.19 33240.96 33321.68 33046.02 32424.63 31828.25 36066.65]
[2 3 2 2 3 2 2 3 3 3 2 3 2 3 2 2 2 2 2 2 2 2 2 3 2 3 2 2 2 2]
[80.98 123.49 185.61 235.41 302.14 384.21 446.74 477.2 465.5 485.81 544.77 553.27 571.87 543.38 574.26 580.74 603.24 593.71 608.11 619.13 621.73 645.13 608.26 569.45 523.37 556.49 543.52 608.17 621.44 685.12]
[900.32 1170.56 2223.5 4025.74 5524.26 7132.44 7311.19 8313.97 10159.14 11448.57 12920.84 12871.59 15361.91 16980.09 19816.72 21527.28 20984.34 24478.59 27152.64 28983.71 28153.72 27276.59 31164.18 30815.64 31880.56 32538.28 32347.97 33041.36 33164.58 39290.2]
[2 2 2 2 3 3 2 3 3 3 3 3 3 3 3 3 3 3 3 3 3 3 3 3 3 2 3 3 2 3]
[67.92 109.91 146.11 168.48 204.43 252.44 303.84 320.36 364.82 437.5 460.41 471.29 477.38 490.89 488 472.24 502.41 512.64 490.61 501.96 487.91 505.15 459.77 436.95 453.72 449.95 472.41 521.7 549.03 558.41]
[828.78 1747.73 3333.25 4001.33 5449.49 5981.41 6755.81 7897.7 9876.48 11967.04 14256.08 15598.78 16779.58 18464.31 18513 18593.38 18831.48 22666.59 24744.05 26175.21 27528.38 28235.12 32076.06 31773.33 33301.46 34742.61 36213.72 37859.41 36645.35 40789.85]
